0 0.154296875 0.2905482222222222 0.309745 0.414506
0 0.451171875 0.6043371111111111 0.903867 0.7880240000000001
0 0.3688878125 0.3195762222222222 0.072569 0.228765
0 0.616561625 0.2891283333333333 0.05132999999999999 0.137469
0 0.6441288125 0.1951622222222222 0.041298999999999975 0.10178999999999999
0 0.69610875 0.248588 0.025369999999999893 0.03148199999999996
0 0.744813375 0.3030945555555556 0.04483999999999999 0.14271599999999995
0 0.8337395625 0.21643577777777778 0.03421999999999992 0.11962899999999999
0 0.88932075 0.20246955555555554 0.056640000000000024 0.11333300000000003
0 0.9418510625 0.21673622222222222 0.050149 0.22666700000000006
