0 0.01953125 0.4250525 0.039653 0.08012100000000004
0 0.0517578125 0.87835075 0.103963 0.24274300000000007
0 0.5 0.4091843333333333 1.0 0.13746200000000006
0 0.0868504375 0.42757008333333335 0.06177099999999999 0.06658000000000001
0 0.2129950625 0.44085141666666666 0.049923999999999996 0.045138999999999964
0 0.367284 0.7194095833333334 0.281777 0.549567
0 0.260835375 0.4389415833333334 0.04315499999999997 0.050780999999999965
0 0.303208 0.44085141666666666 0.033001 0.045138999999999964
0 0.3377045 0.44727425 0.016923999999999995 0.03949700000000004
0 0.3704476875 0.44388925 0.038078 0.03949699999999997
0 0.417443 0.43746541666666666 0.032999999999999974 0.04513900000000004
0 0.449597 0.4446700833333333 0.031308999999999976 0.036112
0 0.484875875 0.4425871666666667 0.027924000000000004 0.038368000000000034
0 0.520937125 0.44015608333333334 0.03553899999999999 0.036112
0 0.5493800625 0.44545191666666667 0.017769999999999953 0.029339999999999995
0 0.5726846875 0.44128508333333333 0.037231000000000014 0.036111000000000004
0 0.645649875 0.44206591666666667 0.028769999999999962 0.02934099999999999
0 0.69974125 0.438854 0.040617000000000014 0.031598000000000015
0 0.7579976875 0.438854 0.038078000000000056 0.031598000000000015
0 0.8076605625 0.43164933333333333 0.034694 0.04175399999999999
0 0.993232375 0.3855555 0.012627000000000055 0.08012200000000003
