0 0.0389849375 0.43598247877013174 0.04638300000000001 0.08198100000000007
0 0.1002138125 0.5602106266471449 0.07397699999999999 0.28825400000000007
0 0.283714625 0.5805460805270863 0.145019 0.252112
0 0.28571425 0.5684434978038068 0.10157300000000002 0.28472699999999995
0 0.395290875 0.5806367613469985 0.12212200000000001 0.20010299999999998
0 0.622507875 0.602791270863836 0.12153399999999992 0.30323999999999995
0 0.7245465 0.46094873645680823 0.048143999999999965 0.08550699999999997
0 0.768975375 0.4512068960468521 0.04462100000000002 0.11195200000000007
0 0.7942509375 0.45328338067349927 0.015266000000000002 0.10137400000000003
0 0.9264626875 0.5510206881405564 0.09981099999999998 0.33585600000000004
