0 0.0166015625 0.17052387020648968 0.034703 0.16533599999999998
0 0.046875 0.802470191740413 0.094549 0.39369499999999996
0 0.0262980625 0.125315796460177 0.048907000000000006 0.16922599999999996
0 0.088125625 0.22259622418879058 0.114545 0.353041
0 0.17020731249999999 0.8130407817109143 0.12097999999999999 0.371325
0 0.1720930625 0.22977774041297935 0.113258 0.33261799999999997
0 0.2702175 0.23363588790560474 0.10939700000000002 0.32580999999999993
0 0.30363425 0.8034431917404131 0.10167500000000002 0.39272199999999996
0 0.3886235 0.24081740412979352 0.10939699999999997 0.30441300000000004
0 0.4262569375 0.8063283392330385 0.10875400000000002 0.3868869999999999
0 0.4989286875 0.24135218289085544 0.10038799999999998 0.314139
0 0.5113535 0.5421722802359882 0.079152 0.190623
0 0.5578665 0.7966998967551623 0.11004099999999994 0.405365
0 0.585447 0.24979537168141594 0.09523999999999999 0.346234
0 0.6768880625 0.8943378377581123 0.05019399999999996 0.20890699999999987
0 0.6929760625 0.8233079852507375 0.05019399999999996 0.20326699999999998
0 0.710220625 0.25905129793510323 0.083013 0.349151
0 0.735092375 0.7479827640117994 0.04440199999999994 0.21201900000000007
0 0.743457375 0.7032129115044248 0.04440299999999997 0.206184
0 0.751224625 0.6628349852507375 0.05212499999999998 0.20326599999999992
0 0.8089375 0.01032448377581121 0.01673100000000005 0.022766
0 0.8434055 0.2920864454277286 0.07850800000000002 0.34234300000000006
0 0.8842338125 0.7541637168141593 0.07400399999999996 0.4541880000000001
0 0.9128760625 0.02064896755162242 0.019305000000000017 0.044162
0 0.9407501875 0.4118811327433628 0.05276800000000004 0.19743099999999994
0 0.9446564375 0.32326886135693217 0.06113400000000002 0.08655799999999994
0 0.9510009375 0.2688367138643068 0.04633299999999996 0.09433899999999994
0 0.962296625 0.2104508613569321 0.051481 0.08753100000000004
0 0.9831095625 0.8142133215339233 0.033491999999999966 0.228553
0 0.9894540625 0.6730183451327434 0.01933499999999999 0.10795499999999991
0 0.9916945 0.5881485250737463 0.016117999999999966 0.059326
