0 0.1556620625 0.09641941666666666 0.018653000000000003 0.07720100000000002
0 0.20683175 0.10878 0.025084999999999996 0.06433399999999999
0 0.2704615 0.11147666666666667 0.017366999999999966 0.084063
0 0.281372375 0.10623816666666668 0.012220999999999982 0.06947999999999999
0 0.3165093125 0.11522908333333333 0.02572800000000003 0.06604899999999998
0 0.3360685 0.11310016666666667 0.016722999999999988 0.06947999999999999
0 0.3891440625 0.08365766666666667 0.018652999999999975 0.022303
0 0.4077970625 0.08794666666666667 0.01865300000000003 0.021444999999999992
0 0.4569905 0.11081641666666665 0.016722999999999988 0.04546300000000001
0 0.4746900625 0.1138345 0.01800999999999997 0.04803599999999999
0 0.5575926875 0.1112615 0.007719000000000031 0.04717800000000002
0 0.577292625 0.11466133333333332 0.020583000000000018 0.04288900000000003
0 0.6428765 0.11853741666666667 0.016723000000000043 0.044604
0 0.657003375 0.11764825 0.012864000000000098 0.040316
0 0.76506825 0.39949391666666667 0.22704999999999997 0.12352099999999999
0 0.666008375 0.11593325 0.012220000000000009 0.039458000000000014
0 0.692472875 0.11472266666666665 0.02830100000000002 0.054040999999999985
0 0.7284225 0.10599083333333333 0.016079999999999983 0.026592000000000005
0 0.745168625 0.10723158333333332 0.019939999999999958 0.019729000000000014
0 0.8824879375 0.3552415 0.23372300000000001 0.109796
0 0.8754523125 0.12714558333333334 0.02637199999999995 0.051467000000000006
0 0.8921049375 0.13178616666666668 0.014151000000000025 0.036885
0 0.9792715 0.1318475 0.016079999999999983 0.048036
0 0.990825375 0.12921316666666668 0.012863999999999987 0.03859999999999999
