0 0.6396484375 0.06446776611694154 0.05859375 0.1199400299850075
0 0.677734375 0.06221889055472264 0.052734375 0.12143928035982009
0 0.0615234375 0.0952023988005997 0.076171875 0.18140929535232383
0 0.17333984375 0.08545727136431784 0.0654296875 0.17391304347826086
0 0.375 0.08095952023988005 0.041015625 0.14992503748125938
0 0.47021484375 0.09970014992503748 0.0595703125 0.19640179910044978
0 0.52001953125 0.10794602698650675 0.0498046875 0.21889055472263869
0 0.54931640625 0.10119940029985007 0.0712890625 0.1934032983508246
0 0.7744140625 0.08770614692653673 0.046875 0.17841079460269865
0 0.8154296875 0.11094452773613193 0.076171875 0.22488755622188905
0 0.4150390625 0.12968515742128936 0.046875 0.27136431784107945
0 0.8955078125 0.13493253373313344 0.0703125 0.25487256371814093
0 0.94189453125 0.12593703148425786 0.0595703125 0.24887556221889057
0 0.12646484375 0.2151424287856072 0.0791015625 0.36431784107946025
0 0.46435546875 0.29610194902548725 0.1044921875 0.36431784107946025
0 0.58154296875 0.29160419790104947 0.1220703125 0.48425787106446777
0 0.17919921875 0.4032983508245877 0.1318359375 0.5787106446776612
0 0.0615234375 0.4295352323838081 0.109375 0.5112443778110944
0 0.4765625 0.7788605697151424 0.173828125 0.4992503748125937
