0 0.13232421875 0.5989583333333334 0.2666015625 0.7118055555555556
0 0.3701171875 0.5711805555555556 0.25 0.7708333333333334
0 0.5556640625 0.5564236111111112 0.197265625 0.5364583333333334
0 0.224609375 0.1440972222222222 0.048828125 0.1284722222222222
0 0.87744140625 0.203125 0.0654296875 0.1284722222222222
0 0.05029296875 0.2404513888888889 0.0693359375 0.22743055555555555
0 0.119140625 0.2578125 0.076171875 0.3836805555555556
0 0.3291015625 0.23697916666666666 0.060546875 0.3003472222222222
0 0.2626953125 0.2977430555555556 0.076171875 0.3628472222222222
0 0.57080078125 0.2951388888888889 0.0791015625 0.1736111111111111
0 0.3623046875 0.3237847222222222 0.064453125 0.2170138888888889
0 0.02587890625 0.3958333333333333 0.0517578125 0.2708333333333333
0 0.08349609375 0.3984375 0.0654296875 0.21006944444444445
0 0.86279296875 0.4036458333333333 0.0888671875 0.3940972222222222
0 0.7470703125 0.4453125 0.078125 0.4114583333333333
0 0.8154296875 0.4270833333333333 0.087890625 0.3645833333333333
0 0.6328125 0.4809027777777778 0.123046875 0.5625
0 0.7109375 0.4730902777777778 0.08984375 0.4774305555555556
0 0.833984375 0.1987847222222222 0.03515625 0.10243055555555555
