0 0.57275390625 0.41751824817518246 0.2998046875 0.6627737226277373
0 0.29931640625 0.3532846715328467 0.0478515625 0.16934306569343066
0 0.3505859375 0.3554744525547445 0.0546875 0.1708029197080292
0 0.41015625 0.36934306569343067 0.05859375 0.13138686131386862
0 0.71923828125 0.3583941605839416 0.0732421875 0.1416058394160584
0 0.83154296875 0.37445255474452555 0.0810546875 0.10364963503649635
0 0.90771484375 0.3781021897810219 0.0771484375 0.11094890510948906
0 0.96533203125 0.381021897810219 0.0478515625 0.10802919708029197
0 0.0263671875 0.4072992700729927 0.046875 0.16642335766423358
0 0.09619140625 0.4145985401459854 0.0751953125 0.11970802919708029
0 0.16015625 0.3970802919708029 0.048828125 0.1343065693430657
0 0.25927734375 0.4072992700729927 0.1064453125 0.10802919708029197
0 0.939453125 0.3875912408759124 0.080078125 0.10948905109489052
0 0.125 0.37518248175182484 0.033203125 0.12554744525547445
