0 0.369140625 0.7109375 0.279296875 0.5208333333333334
0 0.01611328125 0.423828125 0.0322265625 0.07682291666666667
0 0.08935546875 0.427734375 0.0693359375 0.07161458333333333
0 0.21484375 0.4388020833333333 0.05859375 0.052083333333333336
0 0.26025390625 0.4368489583333333 0.0478515625 0.05859375
0 0.3056640625 0.4401041666666667 0.0390625 0.049479166666666664
0 0.4189453125 0.435546875 0.029296875 0.040364583333333336
0 0.48486328125 0.4401041666666667 0.0302734375 0.049479166666666664
0 0.52099609375 0.439453125 0.0322265625 0.045572916666666664
0 0.3388671875 0.4446614583333333 0.029296875 0.040364583333333336
0 0.37109375 0.443359375 0.03515625 0.045572916666666664
0 0.45361328125 0.4440104166666667 0.0322265625 0.036458333333333336
0 0.54736328125 0.4440104166666667 0.0224609375 0.03125
