0 0.01806640625 0.5592447916666666 0.0361328125 0.24088541666666666
0 0.12451171875 0.5625 0.0517578125 0.2526041666666667
0 0.1748046875 0.5677083333333334 0.044921875 0.17447916666666666
0 0.2158203125 0.5651041666666666 0.05078125 0.2604166666666667
0 0.259765625 0.5677083333333334 0.048828125 0.22135416666666666
0 0.2822265625 0.5651041666666666 0.044921875 0.21614583333333334
0 0.32666015625 0.5638020833333334 0.0439453125 0.1875
0 0.3759765625 0.5533854166666666 0.080078125 0.390625
0 0.58642578125 0.5611979166666666 0.1005859375 0.3776041666666667
0 0.822265625 0.5696614583333334 0.05859375 0.2721354166666667
0 0.42822265625 0.5872395833333334 0.0556640625 0.20052083333333334
0 0.4912109375 0.5846354166666666 0.07421875 0.22395833333333334
0 0.86474609375 0.5904947916666666 0.0517578125 0.23307291666666666
0 0.91015625 0.5872395833333334 0.064453125 0.2786458333333333
0 0.978515625 0.5859375 0.04296875 0.3515625
