0 0.353515625 0.21055900621118012 0.115234375 0.284472049689441
0 0.453125 0.21552795031055902 0.119140625 0.2819875776397516
0 0.6826171875 0.21304347826086956 0.1171875 0.2993788819875776
0 0.58056640625 0.2577639751552795 0.1162109375 0.3267080745341615
0 0.2470703125 0.2888198757763975 0.1171875 0.3937888198757764
0 0.7783203125 0.2906832298136646 0.134765625 0.3031055900621118
0 0.13525390625 0.3670807453416149 0.1357421875 0.5602484472049689
0 0.89013671875 0.6037267080745342 0.1474609375 0.6434782608695652
0 0.2236328125 0.6304347826086957 0.154296875 0.5354037267080746
0 0.37646484375 0.6260869565217392 0.1513671875 0.698136645962733
0 0.4921875 0.6260869565217392 0.150390625 0.5863354037267081
0 0.6240234375 0.6298136645962733 0.140625 0.6161490683229813
0 0.74267578125 0.6260869565217392 0.1474609375 0.6012422360248447
