0 0.02197265625 0.4736495388669302 0.0439453125 0.16205533596837945
0 0.1865234375 0.4736495388669302 0.06640625 0.21739130434782608
0 0.24462890625 0.4756258234519104 0.0654296875 0.152832674571805
0 0.33544921875 0.4841897233201581 0.1064453125 0.2147562582345191
0 0.77880859375 0.48353096179183136 0.0458984375 0.19235836627140976
0 0.1328125 0.5197628458498024 0.048828125 0.2463768115942029
0 0.45263671875 0.5144927536231884 0.0615234375 0.22529644268774704
0 0.51123046875 0.5138339920948617 0.0830078125 0.2766798418972332
0 0.5712890625 0.5079051383399209 0.080078125 0.2859025032938076
0 0.720703125 0.5454545454545454 0.09765625 0.2845849802371542
0 0.93701171875 0.5678524374176548 0.0830078125 0.3689064558629776
0 0.279296875 0.43412384716732544 0.03515625 0.08036890645586298
0 0.6845703125 0.4321475625823452 0.0390625 0.10013175230566534
