0 0.5029296875 0.09809663250366032 1.001953125 0.19326500732064422
0 0.49560546875 0.43923865300146414 0.3857421875 0.7115666178623719
0 0.873046875 0.08052708638360176 0.060546875 0.11127379209370425
0 0.04443359375 0.17935578330893118 0.0673828125 0.11859443631039532
0 0.10400390625 0.17496339677891654 0.0654296875 0.10688140556368961
0 0.9716796875 0.08565153733528551 0.052734375 0.08638360175695461
0 0.63720703125 0.10102489019033675 0.0439453125 0.06734992679355783
0 0.69921875 0.10980966325036604 0.06640625 0.07613469985358712
0 0.31884765625 0.14055636896046853 0.0419921875 0.08784773060029283
0 0.39404296875 0.14055636896046853 0.0458984375 0.08784773060029283
0 0.28076171875 0.15446559297218154 0.0498046875 0.07759882869692533
0 0.18310546875 0.17715959004392387 0.0478515625 0.07027818448023426
