0 0.240234375 0.033203125 0.02734375 0.05859375
0 0.453125 0.031901041666666664 0.017578125 0.055989583333333336
0 0.0693359375 0.048828125 0.015625 0.048177083333333336
0 0.111328125 0.044270833333333336 0.015625 0.046875
0 0.14501953125 0.045572916666666664 0.0146484375 0.044270833333333336
0 0.16748046875 0.041015625 0.0146484375 0.048177083333333336
0 0.29931640625 0.044270833333333336 0.0185546875 0.0625
0 0.32373046875 0.046223958333333336 0.0166015625 0.055989583333333336
0 0.3583984375 0.041015625 0.017578125 0.055989583333333336
0 0.3798828125 0.041666666666666664 0.015625 0.044270833333333336
0 0.5634765625 0.369140625 0.041015625 0.06901041666666667
0 0.63916015625 0.4264322916666667 0.0302734375 0.07421875
0 0.31640625 0.4759114583333333 0.03125 0.07161458333333333
0 0.66650390625 0.5065104166666666 0.0341796875 0.06510416666666667
0 0.3388671875 0.5299479166666666 0.041015625 0.057291666666666664
0 0.41552734375 0.5494791666666666 0.0380859375 0.08854166666666667
0 0.5107421875 0.5904947916666666 0.0703125 0.06901041666666667
0 0.2978515625 0.9329427083333334 0.033203125 0.09505208333333333
0 0.6748046875 0.9361979166666666 0.033203125 0.0859375
0 0.466796875 0.947265625 0.0390625 0.10546875
0 0.525390625 0.953125 0.03515625 0.09895833333333333
0 0.5888671875 0.9544270833333334 0.03515625 0.09114583333333333
0 0.71826171875 0.9505208333333334 0.0380859375 0.09895833333333333
0 0.8779296875 0.96484375 0.03515625 0.0703125
0 0.91796875 0.9641927083333334 0.03125 0.06380208333333333
