0 0.77978515625 0.7558997050147492 0.3720703125 0.46755162241887904
0 0.16943359375 0.773598820058997 0.3154296875 0.4469026548672566
0 0.451171875 0.775811209439528 0.267578125 0.4247787610619469
0 0.3388671875 0.08997050147492626 0.06640625 0.1504424778761062
0 0.44775390625 0.08259587020648967 0.0712890625 0.11799410029498525
0 0.5263671875 0.08702064896755163 0.0625 0.10914454277286136
0 0.32373046875 0.13716814159292035 0.0810546875 0.19469026548672566
0 0.58203125 0.13274336283185842 0.060546875 0.1710914454277286
0 0.45556640625 0.1710914454277286 0.0927734375 0.1592920353982301
0 0.62109375 0.18067846607669616 0.099609375 0.15781710914454278
0 0.7529296875 0.18141592920353983 0.0859375 0.1504424778761062
0 0.1572265625 0.2942477876106195 0.140625 0.28466076696165193
0 0.2900390625 0.3148967551622419 0.126953125 0.3112094395280236
0 0.40966796875 0.3613569321533923 0.1533203125 0.32448377581120946
0 0.09521484375 0.4277286135693215 0.2021484375 0.29793510324483774
0 0.62841796875 0.0803834808259587 0.0478515625 0.08702064896755163
