0 0.3932291666666667 0.46533203125 0.24479166666666666 0.2412109375
0 0.6790364583333334 0.35791015625 0.11328125 0.1220703125
0 0.9817708333333334 0.39892578125 0.03125 0.2294921875
0 0.23763020833333334 0.30029296875 0.014322916666666666 0.0498046875
0 0.2734375 0.2998046875 0.015625 0.04296875
0 0.3138020833333333 0.302734375 0.020833333333333332 0.046875
0 0.337890625 0.29736328125 0.016927083333333332 0.0439453125
0 0.3489583333333333 0.2978515625 0.018229166666666668 0.04296875
0 0.4518229166666667 0.29736328125 0.018229166666666668 0.0400390625
0 0.4876302083333333 0.296875 0.01953125 0.04296875
0 0.53515625 0.2998046875 0.018229166666666668 0.046875
0 0.5462239583333334 0.298828125 0.016927083333333332 0.04296875
0 0.626953125 0.29296875 0.02734375 0.060546875
0 0.7662760416666666 0.29150390625 0.022135416666666668 0.0478515625
0 0.8196614583333334 0.298828125 0.024739583333333332 0.0625
0 0.8515625 0.3056640625 0.044270833333333336 0.08984375
0 0.8919270833333334 0.30078125 0.033854166666666664 0.068359375
0 0.10091145833333333 0.31689453125 0.037760416666666664 0.0927734375
0 0.12369791666666667 0.31298828125 0.026041666666666668 0.0869140625
0 0.19791666666666666 0.32080078125 0.03125 0.0830078125
0 0.38671875 0.32861328125 0.049479166666666664 0.1064453125
