0 0.12451171875 0.5956651718983558 0.2294921875 0.4947683109118087
0 0.35205078125 0.5807174887892377 0.2314453125 0.5246636771300448
0 0.59765625 0.5964125560538116 0.2109375 0.5411061285500748
0 0.861328125 0.5896860986547086 0.244140625 0.6053811659192825
0 0.76171875 0.14275037369207771 0.05859375 0.12705530642750373
0 0.69873046875 0.21300448430493274 0.0849609375 0.21674140508221226
0 0.8359375 0.20926756352765322 0.119140625 0.28699551569506726
0 0.30419921875 0.24588938714499253 0.0986328125 0.20478325859491778
0 0.3994140625 0.25485799701046336 0.107421875 0.23168908819133036
0 0.5068359375 0.2399103139013453 0.1171875 0.2406576980568012
0 0.611328125 0.25411061285500747 0.1015625 0.24514200298953662
0 0.9365234375 0.2526158445440957 0.091796875 0.29596412556053814
0 0.78662109375 0.33408071748878926 0.1025390625 0.24962630792227206
0 0.17333984375 0.36771300448430494 0.0751953125 0.21823617339312407
0 0.6103515625 0.38938714499252614 0.0703125 0.19880418535127056
0 0.4130859375 0.4327354260089686 0.111328125 0.3004484304932735
0 0.7001953125 0.5246636771300448 0.158203125 0.5112107623318386
0 0.23681640625 0.5523168908819133 0.1337890625 0.4469357249626308
0 0.482421875 0.5627802690582959 0.14453125 0.5067264573991032
0 0.95263671875 0.5553064275037369 0.1044921875 0.6532137518684604
