0 0.4287109375 0.5014641288433382 0.189453125 0.5226939970717424
0 0.5869140625 0.49414348462664714 0.232421875 0.6515373352855052
0 0.34423828125 0.5988286969253295 0.2470703125 0.5768667642752562
0 0.4130859375 0.2445095168374817 0.08203125 0.19912152269399708
0 0.29052734375 0.28989751098096633 0.0966796875 0.29282576866764276
0 0.5302734375 0.2862371888726208 0.0859375 0.34992679355783307
0 0.83837890625 0.41142020497803805 0.1201171875 0.5534407027818448
0 0.05029296875 0.2042459736456808 0.0263671875 0.0746705710102489
0 0.06787109375 0.19985358711566617 0.0224609375 0.07759882869692533
0 0.078125 0.2005856515373353 0.0234375 0.07906295754026355
0 0.80078125 0.19765739385065886 0.013671875 0.06442166910688141
0 0.88134765625 0.19619326500732065 0.0166015625 0.07320644216691069
0 0.8955078125 0.19912152269399708 0.017578125 0.07027818448023426
0 0.91357421875 0.19985358711566617 0.0224609375 0.06881405563689605
0 0.95703125 0.19912152269399708 0.017578125 0.07320644216691069
0 0.96630859375 0.20351390922401172 0.0224609375 0.07027818448023426
0 0.98876953125 0.19985358711566617 0.0166015625 0.0746705710102489
