0 0.08203125 0.6340956340956341 0.0703125 0.4698544698544699
0 0.4775390625 0.6444906444906445 0.080078125 0.41995841995842
0 0.1455078125 0.6694386694386695 0.1015625 0.46153846153846156
0 0.28076171875 0.6663201663201663 0.0771484375 0.45114345114345117
0 0.32568359375 0.6683991683991684 0.0849609375 0.47193347193347196
0 0.40576171875 0.6694386694386695 0.0771484375 0.4282744282744283
0 0.515625 0.6673596673596673 0.099609375 0.4698544698544699
0 0.59716796875 0.6652806652806653 0.0810546875 0.4282744282744283
0 0.6357421875 0.6694386694386695 0.08203125 0.4282744282744283
0 0.6689453125 0.6694386694386695 0.078125 0.4573804573804574
0 0.7119140625 0.6715176715176715 0.06640625 0.4365904365904366
0 0.74853515625 0.6673596673596673 0.0732421875 0.41995841995842
0 0.78955078125 0.6621621621621622 0.0927734375 0.4178794178794179
0 0.92724609375 0.6621621621621622 0.1123046875 0.4760914760914761
