0 0.11865234375 0.8782552083333334 0.2568359375 0.22786458333333334
0 0.3427734375 0.8684895833333334 0.072265625 0.13802083333333334
0 0.44140625 0.8684895833333334 0.12109375 0.2265625
0 0.978515625 0.861328125 0.037109375 0.21484375
0 0.2177734375 0.9095052083333334 0.076171875 0.14192708333333334
0 0.30078125 0.9088541666666666 0.078125 0.1171875
0 0.4033203125 0.9134114583333334 0.068359375 0.14453125
0 0.71533203125 0.9368489583333334 0.1123046875 0.12109375
0 0.53173828125 0.9700520833333334 0.0673828125 0.0546875
0 0.60986328125 0.9680989583333334 0.0966796875 0.055989583333333336
