0 0.6953125 0.64697265625 0.07552083333333333 0.1611328125
0 0.7864583333333334 0.66259765625 0.08333333333333333 0.1611328125
0 0.4069010416666667 0.83837890625 0.11588541666666667 0.2001953125
0 0.4440104166666667 0.93798828125 0.13541666666666666 0.1162109375
0 0.6451822916666666 0.94775390625 0.16796875 0.1044921875
0 0.7805989583333334 0.431640625 0.03515625 0.05859375
0 0.873046875 0.4306640625 0.03515625 0.0625
0 0.6399739583333334 0.45361328125 0.032552083333333336 0.0673828125
0 0.685546875 0.46337890625 0.03515625 0.0908203125
0 0.7467447916666666 0.4697265625 0.045572916666666664 0.076171875
0 0.80859375 0.48486328125 0.046875 0.0791015625
