0 0.82275390625 0.5029282576866764 0.2451171875 0.7569546120058566
0 0.5869140625 0.2869692532942899 0.0703125 0.23133235724743778
0 0.3388671875 0.369692532942899 0.078125 0.4172767203513909
0 0.4150390625 0.3689604685212299 0.109375 0.40702781844802344
0 0.51123046875 0.3623718887262079 0.1005859375 0.3440702781844802
0 0.60302734375 0.36530014641288433 0.0869140625 0.35871156661786235
0 0.70068359375 0.4019033674963397 0.1044921875 0.49633967789165445
0 0.7841796875 0.41215226939970717 0.1171875 0.5431918008784773
0 0.0302734375 0.44143484626647145 0.056640625 0.6076134699853587
0 0.107421875 0.4472913616398243 0.123046875 0.6134699853587116
0 0.216796875 0.43484626647144947 0.1015625 0.49194729136163984
0 0.28857421875 0.43265007320644217 0.0966796875 0.5168374816983895
