0 0.02734375 0.13938053097345132 0.046875 0.19911504424778761
0 0.12451171875 0.14749262536873156 0.0439453125 0.1504424778761062
0 0.2080078125 0.1430678466076696 0.05078125 0.1976401179941003
0 0.08740234375 0.22271386430678466 0.0458984375 0.168141592920354
0 0.1767578125 0.21902654867256638 0.044921875 0.18141592920353983
0 0.51171875 0.21755162241887904 0.046875 0.14896755162241887
0 0.275390625 0.23525073746312683 0.044921875 0.15781710914454278
0 0.04833984375 0.29793510324483774 0.0498046875 0.18289085545722714
0 0.14208984375 0.29793510324483774 0.0439453125 0.18584070796460178
0 0.2412109375 0.3089970501474926 0.04296875 0.17256637168141592
0 0.3564453125 0.31710914454277284 0.041015625 0.15339233038348082
0 0.47216796875 0.3134218289085546 0.0498046875 0.17846607669616518
0 0.55810546875 0.33775811209439527 0.0517578125 0.17994100294985252
0 0.6982421875 0.3392330383480826 0.044921875 0.18289085545722714
0 0.82763671875 0.3724188790560472 0.0478515625 0.17551622418879056
0 0.94189453125 0.41224188790560473 0.0576171875 0.1902654867256637
0 0.50927734375 0.5420353982300885 0.0712890625 0.18141592920353983
0 0.58984375 0.6740412979351033 0.046875 0.12684365781710916
0 0.06884765625 0.7146017699115044 0.0537109375 0.20501474926253688
0 0.20458984375 0.7522123893805309 0.0439453125 0.22713864306784662
0 0.43701171875 0.754424778761062 0.0556640625 0.12831858407079647
0 0.73876953125 0.7426253687315634 0.0458984375 0.20206489675516223
0 0.0224609375 0.8289085545722714 0.04296875 0.26548672566371684
0 0.982421875 0.8178466076696165 0.03515625 0.21976401179941002
0 0.556640625 0.8694690265486725 0.05078125 0.18436578171091444
0 0.87353515625 0.8746312684365781 0.0537109375 0.20943952802359883
0 0.142578125 0.9004424778761062 0.068359375 0.18436578171091444
0 0.28515625 0.911504424778761 0.060546875 0.17699115044247787
0 0.4013671875 0.9100294985250738 0.056640625 0.17994100294985252
0 0.43603515625 0.8930678466076696 0.0517578125 0.18436578171091444
0 0.67578125 0.8938053097345132 0.05859375 0.19174041297935104
0 0.5263671875 0.9299410029498525 0.0625 0.13126843657817108
0 0.587890625 0.24041297935103245 0.03515625 0.11799410029498525
