0 0.3427734375 0.5924479166666666 0.1875 0.19791666666666666
0 0.8251953125 0.4075520833333333 0.0625 0.11458333333333333
0 0.45751953125 0.5279947916666666 0.0771484375 0.12369791666666667
0 0.63671875 0.5963541666666666 0.1484375 0.2526041666666667
0 0.7451171875 0.591796875 0.111328125 0.21744791666666666
0 0.482421875 0.6223958333333334 0.171875 0.2708333333333333
0 0.27685546875 0.10611979166666667 0.0205078125 0.07421875
0 0.45556640625 0.11067708333333333 0.0166015625 0.046875
0 0.61181640625 0.11067708333333333 0.0166015625 0.052083333333333336
0 0.33544921875 0.1171875 0.0185546875 0.059895833333333336
0 0.98486328125 0.12955729166666666 0.0185546875 0.040364583333333336
0 0.13623046875 0.3385416666666667 0.0361328125 0.09114583333333333
0 0.01318359375 0.3528645833333333 0.0244140625 0.0859375
0 0.98486328125 0.3684895833333333 0.0263671875 0.08072916666666667
