0 0.50390625 0.5 0.90234375 0.9652173913043478
0 0.1181640625 0.7036231884057971 0.248046875 0.5869565217391305
0 0.890625 0.717391304347826 0.2265625 0.5768115942028985
0 0.14306640625 0.060144927536231886 0.0673828125 0.1144927536231884
0 0.33447265625 0.0644927536231884 0.0634765625 0.1289855072463768
0 0.6875 0.06594202898550725 0.06640625 0.1318840579710145
0 0.275390625 0.10072463768115943 0.06640625 0.20434782608695654
0 0.62353515625 0.09057971014492754 0.0654296875 0.16956521739130434
0 0.12744140625 0.16014492753623188 0.0576171875 0.15507246376811595
0 0.67431640625 0.18405797101449275 0.0732421875 0.11304347826086956
0 0.81396484375 0.1644927536231884 0.0693359375 0.15217391304347827
0 0.05419921875 0.2036231884057971 0.0673828125 0.13768115942028986
0 0.8955078125 0.20869565217391303 0.103515625 0.2318840579710145
0 0.0927734375 0.2572463768115942 0.07421875 0.17246376811594202
0 0.72412109375 0.2594202898550725 0.0869140625 0.1855072463768116
0 0.7890625 0.25072463768115943 0.068359375 0.15942028985507245
0 0.0419921875 0.33043478260869563 0.072265625 0.14492753623188406
0 0.8720703125 0.3188405797101449 0.099609375 0.2463768115942029
0 0.68310546875 0.3652173913043478 0.0849609375 0.13623188405797101
0 0.783203125 0.3565217391304348 0.078125 0.11884057971014493
0 0.73681640625 0.4311594202898551 0.0673828125 0.10289855072463767
0 0.794921875 0.4420289855072464 0.06640625 0.12173913043478261
0 0.94970703125 0.4753623188405797 0.0673828125 0.1826086956521739
