0 0.37109375 0.06901615271659324 0.0859375 0.1145374449339207
0 0.48291015625 0.06828193832599119 0.0927734375 0.12187958883994127
0 0.56494140625 0.05506607929515418 0.0712890625 0.09544787077826726
0 0.6826171875 0.06387665198237885 0.06640625 0.11013215859030837
0 0.85107421875 0.07048458149779736 0.0966796875 0.12922173274596183
0 0.9560546875 0.0565345080763583 0.08984375 0.11013215859030837
0 0.162109375 0.09104258443465492 0.134765625 0.17914831130690162
0 0.2734375 0.0947136563876652 0.134765625 0.15712187958883994
0 0.77490234375 0.09838472834067548 0.0927734375 0.14096916299559473
0 0.62353515625 0.027900146842878122 0.0771484375 0.055800293685756244
0 0.6806640625 0.1299559471365639 0.095703125 0.08076358296622614
