0 0.4150390625 0.447870778267254 0.2109375 0.540381791483113
0 0.64697265625 0.47577092511013214 0.1748046875 0.7224669603524229
0 0.81005859375 0.48604992657856094 0.3603515625 0.8575624082232012
0 0.04150390625 0.3303964757709251 0.0830078125 0.22320117474302498
0 0.13134765625 0.328928046989721 0.1064453125 0.36123348017621143
0 0.515625 0.36637298091042586 0.09375 0.37151248164464024
0 0.74365234375 0.3641703377386197 0.1240234375 0.43759177679882527
0 0.21337890625 0.3986784140969163 0.0810546875 0.3186490455212922
0 0.7978515625 0.4001468428781204 0.08984375 0.40381791483113066
0 0.3349609375 0.4353891336270191 0.119140625 0.527165932452276
