0 0.5849609375 0.5460526315789473 0.30859375 0.5657894736842105
0 0.04931640625 0.5109649122807017 0.0712890625 0.17105263157894737
0 0.1318359375 0.5548245614035088 0.068359375 0.2324561403508772
0 0.173828125 0.5511695906432749 0.044921875 0.21637426900584794
0 0.20751953125 0.5570175438596491 0.0654296875 0.21929824561403508
0 0.27978515625 0.5614035087719298 0.0791015625 0.21637426900584794
0 0.36083984375 0.5592105263157895 0.0771484375 0.2236842105263158
0 0.39453125 0.5489766081871345 0.0546875 0.20321637426900585
0 0.35498046875 0.4305555555555556 0.0322265625 0.0804093567251462
0 0.10302734375 0.44956140350877194 0.0302734375 0.06871345029239766
0 0.3955078125 0.4473684210526316 0.041015625 0.08771929824561403
0 0.302734375 0.47002923976608185 0.02734375 0.08625730994152046
