0 0.2895266868076536 0.56689453125 0.2084592145015106 0.7919921875
0 0.13544813695871097 0.4833984375 0.12185297079556898 0.208984375
0 0.17421953675730112 0.4775390625 0.05639476334340383 0.19921875
0 0.21701913393756295 0.48681640625 0.0513595166163142 0.1689453125
0 0.4078549848942598 0.51513671875 0.08862034239677745 0.1494140625
0 0.5498489425981873 0.51708984375 0.11883182275931521 0.3505859375
0 0.6289023162134945 0.5517578125 0.07955689828801611 0.17578125
0 0.702416918429003 0.56103515625 0.08962739174219536 0.1748046875
0 0.7955689828801611 0.568359375 0.07653575025176233 0.205078125
0 0.8610271903323263 0.5703125 0.13494461228600202 0.216796875
