0 0.4873046875 0.486328125 0.865234375 0.13151041666666666
0 0.8349609375 0.4485677083333333 0.015625 0.048177083333333336
0 0.53173828125 0.5162760416666666 0.0322265625 0.06901041666666667
0 0.1201171875 0.5286458333333334 0.03515625 0.07291666666666667
0 0.14892578125 0.5475260416666666 0.0283203125 0.04296875
0 0.18359375 0.5475260416666666 0.029296875 0.037760416666666664
0 0.21630859375 0.5475260416666666 0.0263671875 0.037760416666666664
0 0.2529296875 0.546875 0.029296875 0.041666666666666664
0 0.29345703125 0.544921875 0.0400390625 0.040364583333333336
0 0.36181640625 0.54296875 0.0302734375 0.046875
0 0.3916015625 0.5423177083333334 0.029296875 0.040364583333333336
0 0.43701171875 0.5416666666666666 0.0380859375 0.041666666666666664
