0 0.6357421875 0.13543191800878476 0.12109375 0.22693997071742314
0 0.7138671875 0.13250366032210834 0.08203125 0.2708638360175695
0 0.263671875 0.17569546120058566 0.1484375 0.30161054172767204
0 0.40771484375 0.16398243045387995 0.1298828125 0.27232796486090777
0 0.513671875 0.16691068814055637 0.08203125 0.21376281112737922
0 0.17236328125 0.24743777452415813 0.0810546875 0.33382137628111275
0 0.787109375 0.32284040995607616 0.15234375 0.5988286969253295
0 0.06005859375 0.36676427525622257 0.1162109375 0.4377745241581259
0 0.91015625 0.3594436310395315 0.13671875 0.6076134699853587
0 0.83935546875 0.12152269399707175 0.0458984375 0.07906295754026355
