0 0.25634765625 0.4868228404099561 0.3505859375 0.6339677891654466
0 0.3505859375 0.3557833089311859 0.0859375 0.27232796486090777
0 0.4111328125 0.36530014641288433 0.0703125 0.22986822840409957
0 0.533203125 0.404099560761347 0.080078125 0.2635431918008785
0 0.64208984375 0.3938506588579795 0.0947265625 0.2869692532942899
0 0.73486328125 0.39970717423133234 0.0888671875 0.21376281112737922
0 0.810546875 0.3953147877013177 0.076171875 0.2986822840409956
0 0.87353515625 0.41215226939970717 0.0927734375 0.27379209370424595
0 0.95263671875 0.40702781844802344 0.0869140625 0.32210834553440704
0 0.4423828125 0.4355783308931186 0.06640625 0.19472913616398244
0 0.1025390625 0.6061493411420205 0.12109375 0.24011713030746706
0 0.2080078125 0.5885797950219619 0.10546875 0.2781844802342606
0 0.43603515625 0.5973645680819912 0.0947265625 0.22840409956076135
0 0.548828125 0.5907759882869692 0.119140625 0.27379209370424595
0 0.6376953125 0.6017569546120058 0.138671875 0.2547584187408492
0 0.0244140625 0.6244509516837482 0.046875 0.2796486090775988
0 0.82861328125 0.6310395314787701 0.1455078125 0.2840409956076135
0 0.90771484375 0.6288433382137628 0.1708984375 0.31478770131771594
