0 0.8720703125 0.3959778085991678 0.08203125 0.17891816920943135
0 0.6240234375 0.544382801664355 0.109375 0.536754507628294
0 0.8125 0.5610263522884882 0.05078125 0.3231622746185853
0 0.89697265625 0.5596393897364771 0.0537109375 0.2815533980582524
0 0.7021484375 0.5943134535367545 0.08203125 0.34535367545076284
0 0.7529296875 0.5818307905686546 0.048828125 0.32038834951456313
0 0.85791015625 0.5929264909847434 0.0751953125 0.30374479889042993
0 0.94873046875 0.5970873786407767 0.0751953125 0.3314840499306519
0 0.4794921875 0.6414701803051318 0.06640625 0.3647711511789182
0 0.5146484375 0.6393897364771152 0.052734375 0.3300970873786408
0 0.56298828125 0.6380027739251041 0.0595703125 0.3106796116504854
0 0.27490234375 0.6747572815533981 0.1064453125 0.3925104022191401
0 0.39501953125 0.6768377253814147 0.0791015625 0.36615811373092927
0 0.4453125 0.6643550624133149 0.0703125 0.34674063800277394
0 0.13623046875 0.723994452149792 0.0810546875 0.34119278779472956
0 0.19921875 0.7080443828016644 0.080078125 0.3536754507628294
0 0.01953125 0.7441054091539528 0.037109375 0.44521497919556174
0 0.05712890625 0.7447988904299584 0.0966796875 0.37447988904299584
