0 0.724609375 0.5263671875 0.3502604166666667 0.9375
0 0.052734375 0.48876953125 0.10286458333333333 0.3896484375
0 0.10481770833333333 0.48974609375 0.09765625 0.3251953125
0 0.216796875 0.48193359375 0.12109375 0.3232421875
0 0.3177083333333333 0.47607421875 0.12760416666666666 0.3154296875
0 0.41796875 0.48486328125 0.12239583333333333 0.2822265625
0 0.9375 0.4912109375 0.09375 0.26171875
0 0.9752604166666666 0.48876953125 0.044270833333333336 0.1904296875
0 0.5520833333333334 0.50537109375 0.16666666666666666 0.3837890625
0 0.251953125 0.3701171875 0.037760416666666664 0.05859375
